111101101000
000010011001
111001111100
000010100010
000101010001
111000110011
110110001010
111010101010
111100010011
111110111000
111111010001
111000100110
111100001111
000100100011
110101111001
000111001000
001000001010
000010000001
111110001101
111011100010
000100100000
001001011011
111101111010
111001000000
110101110011
111111011110
111110101010
111100100000
111011000100
000010011011
000001101101
110101101000
001000010011
111101101101
111110001111
111101101101
110101100000
111001110101
111100111110
111011111100
000000000000
001111011111
000000110011
111111001101
111100100100
111111010100
000000101001
000001010100
000000000000
000000000000
110001011011
000000110000
000100010111
111110110100
111011001110
111110011100
000000000000
000000000000
000000000000
110011011101
000101010111
111000110110
000100011010
000000101100
