Matrix A :
    -6    22   123    -5
    77   -65    68    88
   -70    42    20   -75
    -1  -107   109    13
   102    32    20    33
    19    41  -124  -120
    88    58   -98    29
    61   100    92   -36

----------------------------------------------------------------------
---------------------------- Original scale --------------------------
----------------------------------------------------------------------
Matrix Q_float :
   -0.0330    0.4233   -0.3848   -0.0055    0.5607    0.1044    0.4837    0.3353
    0.1296   -0.4552    0.3189   -0.5933    0.0532    0.2046    0.2148    0.4811
    0.5397    0.1422    0.1751    0.2640    0.1018   -0.4420   -0.3302    0.5228
   -0.0340    0.0366   -0.1502   -0.4888   -0.0495   -0.8018    0.2163   -0.2095
    0.8305   -0.0031   -0.1850   -0.0992   -0.0542    0.2267    0.2092   -0.4101
         0    0.7695    0.3744   -0.3739   -0.2936    0.1843   -0.0875    0.0119
         0         0    0.7230    0.2615    0.3782   -0.1316    0.3865   -0.3150
         0         0         0   -0.3483    0.6617    0.0787   -0.6027   -0.2671

Matrix Q_fix :
   -0.0322    0.4258   -0.3877   -0.0049    0.5576    0.1006    0.4814    0.3330
   -0.1318   -0.4541    0.3135   -0.6035    0.0488    0.2021    0.2129    0.4756
   -0.5449    0.1406    0.1729    0.2568    0.0967   -0.4521   -0.3389    0.5166
    0.0273   -0.0439    0.1602   -0.4951   -0.0557   -0.7939    0.2168   -0.2168
   -0.8350   -0.0059   -0.1729   -0.0898   -0.0508    0.2344    0.2080   -0.4082
         0   -0.7686   -0.3740   -0.3672   -0.2910    0.1924   -0.0879    0.0146
         0         0    0.7217    0.2559    0.3760   -0.1328    0.3906   -0.3154
         0         0         0   -0.3486    0.6611    0.0791   -0.6006   -0.2705

          DataTypeMode: Fixed-point: binary point scaling
            Signedness: Signed
            WordLength: 24
        FractionLength: 20

        RoundingMethod: Floor
        OverflowAction: Saturate
           ProductMode: FullPrecision
               SumMode: FullPrecision
Matrix R_float :
  181.9231   40.0004   -1.8634   74.1247
    0.0000  179.9749  -74.4018 -106.2260
   -0.0000    0.0000  245.6398   28.1172
   -0.0000    0.0000   -0.0000  116.7046
    0.0000   -0.0000    0.0000   -0.0000
   -0.0000    0.0000   -0.0000   -0.0000
    0.0000    0.0000    0.0000    0.0000
   -0.0000   -0.0000   -0.0000    0.0000

Matrix R_fix :
  182.5000   39.0000   -2.0000   73.7500
         0  181.0000  -75.2500 -107.2500
         0         0  246.0000   27.7500
         0         0         0  119.0000
         0         0         0         0
         0         0         0         0
         0         0         0         0
         0         0         0         0

          DataTypeMode: Fixed-point: binary point scaling
            Signedness: Signed
            WordLength: 24
        FractionLength: 12

        RoundingMethod: Floor
        OverflowAction: Saturate
           ProductMode: FullPrecision
               SumMode: FullPrecision
----------------------------------------------------------------------
------------------------------ INT scale -----------------------------
----------------------------------------------------------------------
Matrix Q_float :
  -33.7725  433.4140 -394.0127   -5.6288  574.1328  106.9463  495.3303  343.3539
  132.6791 -466.1580  326.5382 -607.5450   54.4656  209.5076  219.9116  492.6559
  552.6818  145.5653  179.2903  270.3270  104.2266 -452.6505 -338.1666  535.3462
  -34.8104   37.4817 -153.7917 -500.4833  -50.6436 -821.0893  221.4859 -214.5125
  850.3897   -3.1275 -189.4139 -101.6103  -55.5082  232.1334  214.2070 -419.9399
         0  787.9220  383.3660 -382.8824 -300.6577  188.7288  -89.5722   12.2349
         0         0  740.3099  267.8194  387.2744 -134.7784  395.7292 -322.5550
         0         0         0 -356.6826  677.5658   80.5933 -617.2040 -273.5363

Matrix Q_fix :
   -33   436  -397    -5   571   103   493   341
  -135  -465   321  -618    50   207   218   487
  -558   144   177   263    99  -463  -347   529
    28   -45   164  -507   -57  -813   222  -222
  -855    -6  -177   -92   -52   240   213  -418
     0  -787  -383  -376  -298   197   -90    15
     0     0   739   262   385  -136   400  -323
     0     0     0  -357   677    81  -615  -277

          DataTypeMode: Fixed-point: binary point scaling
            Signedness: Signed
            WordLength: 12
        FractionLength: 0

        RoundingMethod: Floor
        OverflowAction: Saturate
           ProductMode: FullPrecision
               SumMode: FullPrecision
Matrix R_float :
  727.6922  160.0017   -7.4537  296.4990
    0.0000  719.8996 -297.6073 -424.9042
   -0.0000    0.0000  982.5591  112.4690
   -0.0000    0.0000   -0.0000  466.8185
    0.0000   -0.0000    0.0000   -0.0000
   -0.0000    0.0000   -0.0000   -0.0000
    0.0000    0.0000    0.0000    0.0000
   -0.0000   -0.0000   -0.0000    0.0000

Matrix R_fix :
   730   156    -8   295
     0   724  -301  -429
     0     0   984   111
     0     0     0   476
     0     0     0     0
     0     0     0     0
     0     0     0     0
     0     0     0     0

          DataTypeMode: Fixed-point: binary point scaling
            Signedness: Signed
            WordLength: 12
        FractionLength: 0

        RoundingMethod: Floor
        OverflowAction: Saturate
           ProductMode: FullPrecision
               SumMode: FullPrecision
----------------------------------------------------------------------
------------------------------- A = QR -------------------------------
----------------------------------------------------------------------
Matrix A_float :
   -6.0000   22.0000  123.0000   -5.0000
   77.0000  -65.0000   68.0000   88.0000
  -70.0000   42.0000   20.0000  -75.0000
   -1.0000 -107.0000  109.0000   13.0000
  102.0000   32.0000   20.0000   33.0000
   19.0000   41.0000 -124.0000 -120.0000
   88.0000   58.0000  -98.0000   29.0000
   61.0000  100.0000   92.0000  -36.0000

Matrix A_fix :
   -6.0000  -25.1250 -124.1250   -0.1250
   77.6250  -65.5000   67.8750   78.7500
  -70.8750   41.6250   19.6250  -38.6250
   -1.0000 -109.3750  108.5000   12.5000
  101.7500   30.6250   18.8750   31.7500
   18.2500   40.3750 -126.7500 -121.3750
   87.7500   57.2500 -100.3750   28.8750
   60.7500   99.0000   90.6250  -37.8750

          DataTypeMode: Fixed-point: binary point scaling
            Signedness: Signed
            WordLength: 14
        FractionLength: 3

        RoundingMethod: Floor
        OverflowAction: Saturate
           ProductMode: FullPrecision
               SumMode: FullPrecision
----------------------------------------------------------------------
-------------------- Hardware implementation loss --------------------
----------------------------------------------------------------------
Q Fix Point Loss :
    2.6555

R Fix Point Loss :
    3.1377