111001111000
000111010011
000111100001
000001001101
111000101000
111011100011
111101011110
000101010001
110011010011
111001000111
111011110010
000011100011
000010000010
000001010101
111101111110
000010110110
000001001000
000100110101
110100001110
000011100000
111010010101
111110010010
000101101000
000011111000
111010011001
111110101100
000001100011
111101110100
000101010111
000011001000
111110100101
111000110111
000101000100
110101001101
000011000011
000111010001
000011011011
000001111001
110101001010
000100111011
000000000000
111101000011
111100100001
000000101011
001000011000
000011000100
000111101111
001000101001
000000000000
000000000000
000100010100
001100001011
111101011111
000100111010
000100110010
111001111000
000000000000
000000000000
000000000000
000100110000
000110010110
110010011101
000001011011
111101000110
