Matrix A :
   -24   -47    58   -69
    24   -20    -3    -3
   -61     2    20    31
    26  -107   -68    45
    54   -61   -11   -27
   -72    77   118   -34
   -98  -121    11   124
   -53   109     5  -119

----------------------------------------------------------------------
---------------------------- Original scale --------------------------
----------------------------------------------------------------------
Matrix Q_float :
   -0.1487    0.1487   -0.3779    0.1611    0.3345   -0.4460   -0.6070   -0.3283
   -0.2325   -0.0693   -0.0438   -0.4595   -0.2280    0.2845   -0.6300    0.4451
    0.5129    0.1298   -0.1174   -0.2850    0.2851    0.5823   -0.1332   -0.4324
   -0.6344   -0.0249    0.0789   -0.2181   -0.2925    0.1619    0.1122   -0.6471
    0.5083   -0.1504    0.0863   -0.1477   -0.6593   -0.3859   -0.1913   -0.2638
         0    0.9659    0.0863   -0.0481   -0.2164   -0.0451    0.0392    0.0828
         0         0    0.9058    0.0457    0.2744   -0.0699   -0.2963   -0.0978
         0         0         0   -0.7797    0.3354   -0.4462    0.2798    0.0480

Matrix Q_fix :
   -0.1484    0.1494   -0.3789    0.1563    0.3291   -0.4521   -0.6172   -0.3359
   -0.2305   -0.0713   -0.0498   -0.4688   -0.2354    0.2842   -0.6348    0.4453
    0.5146    0.1318   -0.1123   -0.2871    0.2822    0.5811   -0.1270   -0.4385
   -0.6318   -0.0332   -0.0820   -0.2334   -0.3105    0.1465    0.1094   -0.6475
    0.5215   -0.1445   -0.1035   -0.1455   -0.6484   -0.3916   -0.1807   -0.2451
         0    0.9678    0.0498   -0.0488   -0.2158   -0.0439    0.0420    0.0850
         0         0   -0.9102    0.0430    0.2705   -0.0732   -0.2998   -0.1035
         0         0         0   -0.7754    0.3428   -0.4492    0.2822    0.0586

          DataTypeMode: Fixed-point: binary point scaling
            Signedness: Signed
            WordLength: 24
        FractionLength: 20

        RoundingMethod: Floor
        OverflowAction: Saturate
           ProductMode: FullPrecision
               SumMode: FullPrecision
Matrix R_float :
  161.4373  -31.0523  -92.2030  -24.7279
   -0.0000  221.9679   48.4659 -140.3980
    0.0000    0.0000  108.3405  -44.8074
   -0.0000   -0.0000    0.0000  129.7968
    0.0000   -0.0000   -0.0000   -0.0000
    0.0000   -0.0000   -0.0000    0.0000
   -0.0000   -0.0000    0.0000   -0.0000
    0.0000    0.0000   -0.0000   -0.0000

Matrix R_fix :
  162.0000  -32.2500  -92.5000  -26.2500
         0  223.7500   48.7500 -142.2500
         0         0  110.0000  -43.0000
         0         0         0  129.5000
         0         0         0         0
         0         0         0         0
         0         0         0         0
         0         0         0         0

          DataTypeMode: Fixed-point: binary point scaling
            Signedness: Signed
            WordLength: 24
        FractionLength: 12

        RoundingMethod: Floor
        OverflowAction: Saturate
           ProductMode: FullPrecision
               SumMode: FullPrecision
----------------------------------------------------------------------
------------------------------ INT scale -----------------------------
----------------------------------------------------------------------
Matrix Q_float :
 -152.2325  152.2325 -386.9242  164.9185  342.5231 -456.6974 -621.6160 -336.1801
 -238.1208  -70.9690  -44.9024 -470.5495 -233.4926  291.3326 -645.1681  455.8174
  525.1634  132.9500 -120.1705 -291.8613  291.9877  596.2999 -136.4417 -442.7562
 -649.6371  -25.5350   80.7990 -223.3005 -299.5205  165.7362  114.8783 -662.6658
  520.4564 -153.9676   88.3927 -151.2732 -675.1329 -395.1115 -195.9332 -270.1684
         0  989.1061   88.3275  -49.2269 -221.5440  -46.1837   40.1870   84.7962
         0         0  927.5047   46.7610  280.9480  -71.5416 -303.3912 -100.1411
         0         0         0 -798.3868  343.4354 -456.8615  286.4671   49.2021

Matrix Q_fix :
  -152   153  -388   160   337  -463  -632  -344
  -236   -73   -51  -480  -241   291  -650   456
   527   135  -115  -294   289   595  -130  -449
  -647   -34   -84  -239  -318   150   112  -663
   534  -148  -106  -149  -664  -401  -185  -251
     0   991    51   -50  -221   -45    43    87
     0     0  -932    44   277   -75  -307  -106
     0     0     0  -794   351  -460   289    60

          DataTypeMode: Fixed-point: binary point scaling
            Signedness: Signed
            WordLength: 12
        FractionLength: 0

        RoundingMethod: Floor
        OverflowAction: Saturate
           ProductMode: FullPrecision
               SumMode: FullPrecision
Matrix R_float :
  645.7492 -124.2092 -368.8119  -98.9115
   -0.0000  887.8717  193.8638 -561.5921
    0.0000    0.0000  433.3620 -179.2298
   -0.0000   -0.0000    0.0000  519.1874
    0.0000   -0.0000   -0.0000   -0.0000
    0.0000   -0.0000   -0.0000    0.0000
   -0.0000   -0.0000    0.0000   -0.0000
    0.0000    0.0000   -0.0000   -0.0000

Matrix R_fix :
   648  -129  -370  -105
     0   895   195  -569
     0     0   440  -172
     0     0     0   518
     0     0     0     0
     0     0     0     0
     0     0     0     0
     0     0     0     0

          DataTypeMode: Fixed-point: binary point scaling
            Signedness: Signed
            WordLength: 12
        FractionLength: 0

        RoundingMethod: Floor
        OverflowAction: Saturate
           ProductMode: FullPrecision
               SumMode: FullPrecision
----------------------------------------------------------------------
------------------------------- A = QR -------------------------------
----------------------------------------------------------------------
Matrix A_float :
  -24.0000  -47.0000   58.0000  -69.0000
   24.0000  -20.0000   -3.0000   -3.0000
  -61.0000    2.0000   20.0000   31.0000
   26.0000 -107.0000  -68.0000   45.0000
   54.0000  -61.0000  -11.0000  -27.0000
  -72.0000   77.0000  118.0000  -34.0000
  -98.0000 -121.0000   11.0000  124.0000
  -53.0000  109.0000    5.0000 -119.0000

Matrix A_fix :
  -24.1250  -46.8750   59.0000  -67.3750
   24.1250  -20.8750   -2.8750   -3.7500
  -61.5000    1.0000   20.2500   11.1250
   25.2500 -110.0000  -69.0000   44.6250
   53.2500  -63.3750  -10.8750  -27.6250
  -73.2500   78.1250  119.5000  -34.6250
 -100.0000 -122.1250   12.1250  126.0000
  -54.5000  110.3750    4.5000 -119.6250

          DataTypeMode: Fixed-point: binary point scaling
            Signedness: Signed
            WordLength: 14
        FractionLength: 3

        RoundingMethod: Floor
        OverflowAction: Saturate
           ProductMode: FullPrecision
               SumMode: FullPrecision
----------------------------------------------------------------------
-------------------- Hardware implementation loss --------------------
----------------------------------------------------------------------
Q Fix Point Loss :
    1.8340

R Fix Point Loss :
    4.1172

A Fix Point Loss :
   20.9631