111000001101
000101010110
000110100000
000101100010
000010001101
000100110011
111001110110
000101010001
111101110000
111000001010
000100111011
000101001110
000011010101
111010000101
000111101101
000101110000
001000001111
111111101011
111011100100
000011111110
111100000100
000111001111
000110110011
111010010000
000011000111
000111100110
000100010010
000101110001
000101100111
110111000101
000000000011
111010111111
110101011011
111111101101
000011101001
001001111111
000000111100
000101010001
000010011101
111111001000
000000000000
001010010110
111101001111
111011110100
111100100001
111111010100
001001110101
000011110000
000000000000
000000000000
001011011011
111111010000
111111001111
111110000100
000000001101
110100111111
000000000000
000000000000
000000000000
000101011100
110010101001
111010000110
111100100101
000001011110
