000101101011
000111101010
111000100111
111000100000
000110000100
000000100100
111101100000
000011010111
111011111001
000010110000
111101111101
000010100000
111100001010
110100110111
111000000000
000100100101
001010010110
000000000001
111100001111
000101010000
111101110111
111000111110
000100111100
111010100111
000101011010
000000011100
000110100100
111000100101
111001010111
000000010000
111000101110
111010001110
110111100111
000100001011
111011100111
111011011000
111111000101
111101010101
000011101000
110101101010
000000000000
110010110111
111010000101
111010011011
000010001111
111101001001
111101110001
111111011100
000000000000
000000000000
110110101101
000011110000
110111001110
001000000110
111100010001
111111101001
000000000000
000000000000
000000000000
111001001101
110111010101
111110001000
001000110100
000111010101
