111000110101
001001001000
000000101111
000011101111
001001001110
111011111000
111110010010
111111001101
111010111001
000110000111
111000001101
111001101010
111101001100
110111010100
000000011010
111100101111
111011110010
111110111110
000001001101
111100000010
111010111110
111111101011
110010010001
000011000011
111011111100
000011010110
000100011001
001000100101
111111110001
111011000010
111110011001
001010111001
110011111100
000010000010
111010010011
000000100111
000100111111
000010110001
111010100011
111110001111
000000000000
001010110101
000001001010
000001100111
111000011110
000110110010
000100000111
000100001000
000000000000
000000000000
001011110111
111110101011
111100010010
110110101110
000011011011
000001111110
000000000000
000000000000
000000000000
001010011011
111001100111
111101111011
111101000110
110110010000
