111001111000
000111010011
000111011111
000001001101
111000101010
111011100011
111101011101
000101010100
110011011001
111001001011
111011111000
000011100111
000010001000
000001100001
111101111111
000011000100
000001001110
000100110101
110100010000
000011011110
111010010101
111110010000
000101100010
000011111010
111010011100
111110100010
000001100100
111101110101
000101010110
000011000100
111110011101
111000111101
000101001010
110101001101
000011000100
000111000000
000011011111
000010001000
110101000011
000101001001
000000000000
111101000011
111100010010
000001010000
001000010101
000011001110
001000000010
001000001111
000000000000
000000000000
000100000000
001100001010
111100111011
000101000011
000100000101
111001100000
000000000000
000000000000
000000000000
000101000111
000110010010
110010100111
000001001110
111100110111
